0.0	0.0
1.0	6.39665074686e-07
2.0	8.96922665561e-06
3.0	2.89667204925e-05
4.0	3.87376603612e-05
5.0	0.000179862021469
6.0	4.88988416691e-06
7.0	0.00011076539522
8.0	-0.0017904258566
9.0	0.00193973665591
10.0	-3.10685463774e-05
11.0	0.000512092083227
12.0	0.00065426324727
13.0	5.77018909098e-05
14.0	0.000330763927195
15.0	0.000400745193474
16.0	0.000595997145865
17.0	0.00094910140615
18.0	0.000327590765664
19.0	0.000386200292269
20.0	0.000386908126529
21.0	0.000853785779327
22.0	0.000975320697762
23.0	0.000913029594813
24.0	0.00124582403805
25.0	0.00145706709009
26.0	0.00164932850748
27.0	0.00115516083315
28.0	0.00148758699652
29.0	0.00175968545955
30.0	-0.000244960916461
31.0	0.00212968792766
32.0	0.00222001387738
33.0	-0.00341258011758
34.0	0.0023692464456
35.0	0.00314601673745
36.0	0.00254482822493
37.0	0.0032340970356
38.0	0.00323379947804
39.0	0.00362753355876
40.0	0.00366031983867
41.0	0.00304999668151
42.0	0.00311102182604
43.0	0.00309463799931
44.0	0.00402754219249
45.0	0.00458693457767
46.0	0.0041789682582
47.0	0.00470730662346
48.0	0.00493888230994
49.0	0.00449823075905
50.0	0.00587537325919
51.0	0.00495568476617
52.0	0.00542697915807
53.0	0.00499914539978
54.0	0.00542968790978
55.0	0.00614360719919
56.0	0.00547410035506
57.0	0.00510661443695
58.0	0.00564428931102
59.0	0.0073839542456
60.0	0.00710264965892
61.0	0.00760232890025
62.0	0.00736811477691
63.0	0.00434069754556
64.0	0.00729437777773
65.0	0.00630461145192
66.0	0.00745465932414
67.0	0.00810943264514
68.0	0.00784834939986
69.0	0.00972745008767
70.0	0.00741553353146
71.0	0.00906411930919
72.0	0.00888564717025
73.0	0.0101741096005
74.0	0.00848725438118
75.0	0.0152944866568
76.0	0.00925975758582
77.0	0.0116624841467
78.0	0.0117292413488
79.0	0.0141978580505
80.0	0.00796302594244
81.0	0.00965274590999
82.0	0.011484191753
83.0	0.010120363906
84.0	0.0137834800407
85.0	0.01176722534
86.0	0.0139133548364
87.0	0.00777393346652
88.0	0.0113982548937
89.0	0.0132116843015
90.0	0.012447077781
91.0	0.0139419678599
92.0	0.0114615540951
93.0	0.0154153890908
94.0	0.0140919378027
95.0	0.0151004428044
96.0	0.0144218122587
97.0	0.0142428912222
98.0	0.0142645873129
99.0	0.0151228699833
100.0	0.0158220268786
101.0	0.00998955219984
102.0	0.0191470067948
103.0	0.0145503496751
104.0	0.0195644386113
105.0	0.0210751984268
106.0	-0.00480021676049
107.0	0.021372333169
108.0	0.0232022274286
109.0	0.0231648739427
110.0	0.0226990282536
111.0	0.0232510007918
112.0	0.0188931357116
113.0	0.0187105964869
114.0	0.0126992901787
115.0	0.0272901803255
116.0	0.0147829055786
117.0	0.0262798313051
118.0	0.0204520542175
119.0	0.0215670149773
120.0	0.0221379362047
121.0	0.0218881387264
122.0	0.0132961189374
123.0	0.0156927034259
124.0	0.0282854195684
125.0	0.0269244834781
126.0	0.0289545878768
127.0	0.0266089756042
128.0	0.0323276184499
129.0	0.0238770861179
130.0	0.0249277353287
131.0	0.0298610199243
132.0	0.0257495734841
133.0	0.0295918863267
134.0	0.0260097421706
135.0	0.0295830238611
136.0	0.0297060646117
137.0	0.0213149432093
138.0	0.0356387123466
139.0	0.0278460439295
140.0	0.0214794129133
141.0	0.0294272564352
142.0	0.0222287029028
143.0	0.029834670946
144.0	0.031334426254
145.0	0.0261104311794
146.0	0.0238400679082
147.0	0.0302946958691
148.0	0.0292494203895
149.0	0.0302595924586
150.0	0.031529109925
151.0	0.0293598286808
152.0	0.0245910547674
153.0	0.0248312465847
154.0	0.0315053910017
155.0	0.0335972979665
156.0	0.0321624651551
157.0	0.0369565449655
158.0	0.029030231759
159.0	0.0370317585766
160.0	0.0349526256323
161.0	0.0414869859815
162.0	0.0305502470583
163.0	0.0395063087344
164.0	0.0305765420198
165.0	0.0309648104012
166.0	0.0338365584612
167.0	0.0349982976913
168.0	0.0352452620864
169.0	0.0434127263725
170.0	0.03593711555
171.0	0.0320596322417
172.0	0.0451658330858
173.0	0.0451975688338
174.0	0.0414174906909
175.0	0.0427655205131
176.0	0.0421984866261
177.0	0.0470401421189
178.0	0.0470695905387
179.0	0.028436653316
180.0	0.0427886359394
181.0	0.0500414259732
182.0	0.0473714843392
183.0	0.0403399504721
184.0	0.039110597223
185.0	0.0438560917974
186.0	0.0455840751529
187.0	0.0460321716964
188.0	0.0522081255913
189.0	0.0491474866867
190.0	0.0437369160354
191.0	0.0422573462129
192.0	0.03907000646
193.0	0.0406975336373
194.0	0.0488844960928
195.0	0.0289940964431
196.0	0.0434449575841
197.0	0.0499179251492
198.0	0.0663821473718
199.0	0.0455117709935
200.0	0.0462522432208
201.0	0.0495119169354
202.0	0.050658531487
203.0	0.0552674755454
204.0	0.0572724156082
205.0	0.0498222149909
206.0	0.043408356607
207.0	0.0509352609515
208.0	0.0402456261218
209.0	0.0579985231161
210.0	0.0432075448334
211.0	0.0443131625652
212.0	0.0534060969949
213.0	0.0673301145434
214.0	0.0647759437561
215.0	0.0548248812556
216.0	0.0555434525013
217.0	0.0632541403174
218.0	0.0463673099875
219.0	0.060400865972
220.0	0.0535735487938
221.0	0.0599808096886
222.0	0.0684485584497
223.0	0.0557215102017
224.0	0.0561520494521
225.0	0.0488109178841
226.0	0.061546638608
227.0	0.0486034117639
228.0	0.0660601630807
229.0	0.0555957220495
230.0	0.0622683800757
231.0	0.0547342225909
232.0	0.0586437508464
233.0	0.081212811172
234.0	0.0664556920528
235.0	0.0507855564356
236.0	0.0546708665788
237.0	0.0546947009861
238.0	0.0419852547348
239.0	0.0501506961882
240.0	0.0772653147578
241.0	0.0582447648048
242.0	0.0574424490333
243.0	0.0653373003006
244.0	0.0559764243662
245.0	0.0696544423699
246.0	0.0690572410822
247.0	0.0743807628751
248.0	0.0566893443465
249.0	0.0560987889767
250.0	0.045809712261
251.0	0.0586830824614
252.0	0.0603057406843
253.0	0.0455027632415
254.0	0.051412332803
255.0	0.0550714246929
256.0	0.0695342198014
257.0	0.0719362944365
258.0	0.0612154379487
259.0	0.072210341692
260.0	0.0677309557796
261.0	0.0809962749481
262.0	0.0548342093825
263.0	0.0439626350999
264.0	0.0552794337273
265.0	0.0971816554666
266.0	0.0611979849637
267.0	0.089532725513
268.0	0.0579223483801
269.0	0.0723376572132
270.0	0.0504985898733
271.0	0.0713969692588
272.0	0.0766724199057
273.0	0.0850836187601
274.0	0.0763601735234
275.0	0.0796981826425
276.0	0.0808024704456
277.0	0.0748089551926
278.0	0.0628739222884
279.0	0.0730359777808
280.0	0.0448083169758
281.0	0.0428764224052
282.0	0.094115100801
283.0	0.0745180547237
284.0	0.0784386992455
285.0	0.0562781430781
286.0	0.0753883868456
287.0	0.100988186896
288.0	0.0867239907384
289.0	0.0781471729279
290.0	0.0844193771482
291.0	0.0756498798728
292.0	0.0852935314178
293.0	0.0725357681513
294.0	0.0594756752253
295.0	0.0654738917947
296.0	0.0627718195319
297.0	0.0671184137464
298.0	0.100861743093
299.0	0.09304882586
300.0	0.0982602909207
301.0	0.103349000216
302.0	0.062796972692
303.0	0.0306012313813
304.0	0.0431667156518
305.0	0.0569171570241
306.0	0.0622934512794
307.0	0.059766896069
308.0	0.0842424407601
309.0	0.0751457065344
310.0	0.0798549950123
311.0	0.0764161199331
312.0	0.103528626263
313.0	0.079372048378
314.0	0.0924888476729
315.0	0.0942843407393
316.0	0.0828295648098
317.0	0.0987107232213
318.0	0.071754783392
319.0	0.0684302523732
320.0	0.0982484221458
321.0	0.114311262965
322.0	0.0942197740078
323.0	0.0899341031909
324.0	0.076091311872
325.0	0.122439332306
326.0	0.0841636881232
327.0	0.101210854948
328.0	0.0967602878809
329.0	0.0821593776345
330.0	0.0667135044932
331.0	0.0839544311166
332.0	0.0807403102517
333.0	0.0664057433605
334.0	0.0682402923703
335.0	0.0886279121041
336.0	0.107800960541
337.0	0.055836904794
338.0	0.085258692503
339.0	0.0963409617543
340.0	0.0823831856251
341.0	0.10068244487
342.0	0.0754960253835
343.0	0.115470603108
344.0	0.0929826721549
345.0	0.0982812270522
346.0	0.0880883410573
347.0	0.0933137312531
348.0	0.107171192765
349.0	0.0744608491659
350.0	0.0693020969629
351.0	0.126084715128
352.0	0.074341379106
353.0	0.119519501925
354.0	0.0298149678856
355.0	0.0789711624384
356.0	0.122127689421
357.0	0.054533470422
358.0	0.142525568604
359.0	0.0774776637554
360.0	0.0503945238888
361.0	0.0700726658106
362.0	0.0925961062312
363.0	0.0573871433735
364.0	0.0845902860165
365.0	0.0758369266987
366.0	0.0848743095994
367.0	0.0789003297687
368.0	0.133131623268
369.0	0.132525742054
370.0	0.0992670431733
371.0	0.0697741284966
372.0	0.143178775907
373.0	0.0623015090823
374.0	0.110554523766
375.0	0.0838850364089
376.0	0.141683191061
377.0	0.109323166311
378.0	0.105402179062
379.0	0.116423226893
380.0	0.0722394064069
381.0	0.0800981745124
382.0	0.11616345495
383.0	0.0760535076261
384.0	0.0498237200081
385.0	0.0772738531232
386.0	0.170309484005
387.0	0.0998036935925
388.0	0.106399990618
389.0	0.0731358900666
390.0	0.0884346589446
391.0	0.096312366426
392.0	0.0993518233299
393.0	0.13004989922
394.0	0.0793067440391
395.0	0.104901120067
396.0	0.134044826031
397.0	0.0756056308746
398.0	0.0838972255588
399.0	0.0969400033355
400.0	0.0750414729118
401.0	0.0835535898805
402.0	0.134536892176
403.0	0.0741034448147
404.0	0.110967300832
405.0	0.065755918622
406.0	0.0582997873425
407.0	0.106704905629
408.0	0.147719562054
409.0	0.107028305531
410.0	0.105551786721
411.0	0.0492628738284
412.0	0.0762458369136
413.0	0.117625251412
414.0	0.0692149102688
415.0	0.139778882265
416.0	0.141647741199
417.0	0.10844937712
418.0	0.134553089738
419.0	0.0942273214459
420.0	0.0882422477007
421.0	0.1044344455
422.0	0.0701858848333
423.0	0.0991801843047
424.0	0.126014187932
425.0	0.155693009496
426.0	0.142773658037
427.0	0.0978896021843
428.0	0.0872524604201
429.0	0.135236099362
430.0	0.0645217895508
431.0	0.114145539701
432.0	0.144766777754
433.0	0.0328874923289
434.0	0.104460373521
435.0	0.103466302156
436.0	0.123261831701
437.0	0.0817808955908
438.0	0.117893077433
439.0	0.0650671347976
440.0	0.0691170841455
441.0	0.0450957976282
442.0	0.139415219426
443.0	0.140742987394
444.0	0.108650997281
445.0	0.150983273983
446.0	0.12066475302
447.0	0.0798440948129
448.0	0.139632210135
449.0	0.0954437628388
450.0	0.12562713027
451.0	0.138876482844
452.0	0.114172756672
453.0	0.10815063864
454.0	0.144648373127
455.0	0.214899167418
456.0	0.120113529265
457.0	0.0612283945084
458.0	0.153461664915
459.0	0.161851465702
460.0	0.0999811664224
461.0	0.101895041764
462.0	0.017223065719
463.0	0.139787659049
464.0	0.0772397071123
465.0	0.0929414257407
466.0	0.0624154396355
467.0	0.114665284753
468.0	0.0329358018935
469.0	0.114798925817
470.0	0.130641371012
471.0	0.063317745924
472.0	0.0952820852399
473.0	0.112775444984
474.0	0.101381205022
475.0	0.120944999158
476.0	0.177102148533
477.0	0.100917063653
478.0	0.193479984999
479.0	0.092664450407
480.0	0.0360385254025
481.0	0.108700238168
482.0	0.168135359883
483.0	0.0699759498239
484.0	0.0811028555036
485.0	0.0255646761507
486.0	0.065342143178
487.0	0.172503933311
488.0	0.120462931693
489.0	0.203857406974
490.0	0.0976204499602
491.0	0.0901623815298
492.0	0.135520249605
493.0	0.10341707617
494.0	0.0900649577379
495.0	0.0855300873518
496.0	0.0932921171188
497.0	0.116177581251
498.0	0.13441722095
499.0	0.103965841234
500.0	0.151350647211
501.0	0.101929940283
502.0	0.143974065781
503.0	0.107396356761
504.0	0.138341024518
505.0	0.151242375374
506.0	0.113633424044
507.0	0.103688843548
508.0	0.107037752867
509.0	0.123717837036
510.0	0.122375875711
511.0	0.118138693273
512.0	0.100613079965
513.0	0.136141195893
514.0	0.0672547891736
515.0	0.109603598714
516.0	0.128468722105
517.0	0.127415269613
518.0	0.131992533803
519.0	0.0998576954007
520.0	0.130248472095
521.0	0.0978974848986
522.0	0.101868703961
523.0	0.100868679583
524.0	0.130715966225
525.0	0.122074253857
526.0	0.123328767717
527.0	0.116483613849
528.0	0.127293258905
529.0	0.0952860563993
530.0	0.108462497592
531.0	0.11829584837
532.0	0.105881527066
533.0	0.11181011796
534.0	0.132207155228
535.0	0.102227218449
536.0	0.098089158535
537.0	0.119664371014
538.0	0.112121641636
539.0	0.113562352955
540.0	0.11919426173
541.0	0.110272049904
542.0	0.115249022841
543.0	0.111064560711
544.0	0.112082198262
545.0	0.115579374135
546.0	0.116128131747
547.0	0.115693829954
548.0	0.125106856227
549.0	0.106366179883
550.0	0.119580060244
551.0	0.109197489917
552.0	0.106002822518
553.0	0.108753859997
554.0	0.114579446614
555.0	0.114361748099
556.0	0.111783832312
557.0	0.113337948918
558.0	0.105424851179
559.0	0.105659268796
560.0	0.110753886402
561.0	0.108399555087
562.0	0.108116172254
563.0	0.113691449165
564.0	0.110302001238
565.0	0.109276361763
566.0	0.112326674163
567.0	0.112818777561
568.0	0.11019307375
569.0	0.113208398223
570.0	0.111827559769
571.0	0.11166343838
572.0	0.109937489033
573.0	0.108861938119
574.0	0.108037702739
575.0	0.108647637069
576.0	0.111943773925
577.0	0.109915450215
578.0	0.108867123723
579.0	0.109444990754
580.0	0.111732304096
581.0	0.112159013748
582.0	0.10931494087
583.0	0.108453907073
584.0	0.111237347126
585.0	0.111283540726
586.0	0.108466565609
587.0	0.110000111163
588.0	0.107816249132
589.0	0.110708750784
590.0	0.109951615334
591.0	0.111921556294
592.0	0.112291514874
593.0	0.109889224172
594.0	0.110857352614
595.0	0.112933583558
596.0	0.10830116272
597.0	0.110626138747
598.0	0.11015535146
599.0	0.1083066836
600.0	0.111671864986
601.0	0.108748339117
602.0	0.108713567257
603.0	0.110423915088
604.0	0.110650084913
605.0	0.109287336469
606.0	0.109622523189
607.0	0.10758689791
608.0	0.110177829862
609.0	0.109058760107
610.0	0.107520982623
611.0	0.110454820096
612.0	0.108620718122
613.0	0.109580442309
614.0	0.109504058957
615.0	0.108536459506
616.0	0.109630554914
617.0	0.108348041773
618.0	0.109807670116
619.0	0.108495697379
620.0	0.108477212489
621.0	0.10824162513
622.0	0.108281388879
623.0	0.107571303844
624.0	0.10874351114
625.0	0.10924629122
626.0	0.107742018998
627.0	0.109627142549
628.0	0.108918279409
629.0	0.109614998102
630.0	0.109029941261
631.0	0.107330106199
632.0	0.107068009675
633.0	0.110028557479
634.0	0.108389414847
635.0	0.107625044882
636.0	0.108015015721
637.0	0.108263082802
638.0	0.107466951013
639.0	0.107291296124
640.0	0.108640998602
641.0	0.107064284384
642.0	0.106887616217
643.0	0.1077664271
644.0	0.106989815831
645.0	0.10782686621
646.0	0.107754170895
647.0	0.105094701052
648.0	0.107172757387
649.0	0.105247214437
650.0	0.106258071959
651.0	0.106772474945
652.0	0.102508299053
653.0	0.104939468205
654.0	0.106048442423
655.0	0.0961210876703
656.0	0.103750146925
657.0	0.106934949756
658.0	0.0873519182205
659.0	0.105227932334
660.0	0.106527552009
661.0	0.101087555289
662.0	0.105761274695
663.0	0.106238998473
664.0	0.104796484113
665.0	0.105154834688
666.0	0.105353154242
667.0	0.0985689386725
668.0	0.188276842237
669.0	0.0652715936303
670.0	0.104201555252
671.0	0.101701296866
672.0	0.104377657175
673.0	0.102926179767
674.0	0.102299243212
675.0	0.104770027101
676.0	0.0851480141282
677.0	0.101612202823
678.0	0.104817330837
679.0	0.0792983621359
680.0	0.102747306228
681.0	0.103279441595
682.0	0.101318895817
683.0	0.102450057864
684.0	0.099236510694
685.0	0.102177359164
686.0	0.104016073048
687.0	0.0894974246621
688.0	0.102565720677
689.0	0.103465892375
690.0	0.100975483656
691.0	0.102709189057
692.0	0.100756697357
693.0	0.101096205413
694.0	0.101955667138
695.0	0.100022286177
696.0	0.101599924266
697.0	0.102684982121
698.0	0.101381026208
699.0	0.101240426302
700.0	0.100624196231
701.0	0.10116507113
702.0	0.100781172514
703.0	0.100846745074
704.0	0.100914202631
705.0	0.100206919014
706.0	0.100028827786
707.0	0.100275792181
708.0	0.0997010692954
709.0	0.100554674864
710.0	0.100478544831
711.0	0.0998236089945
712.0	0.0996457561851
713.0	0.0999380126595
714.0	0.0982794910669
715.0	0.0985477045178
716.0	0.0974727496505
717.0	0.0992040857673
718.0	0.0991051569581
719.0	0.099397815764
720.0	0.0982185453176
721.0	0.0985859557986
722.0	0.0966065376997
723.0	0.0950386449695
724.0	0.0971466079354
725.0	0.0960118845105
726.0	0.0928929895163
727.0	0.098062813282
728.0	0.0954023897648
729.0	0.0981140956283
730.0	0.0986625179648
731.0	0.0962309241295
732.0	0.0946784466505
733.0	0.0977943316102
734.0	0.0928036123514
735.0	0.0946720391512
736.0	0.0964156538248
737.0	0.0930633544922
738.0	0.0943736284971
739.0	0.0949903950095
740.0	0.0939396843314
741.0	0.0953784137964
742.0	0.0944025143981
743.0	0.0905729234219
744.0	0.0947748348117
745.0	0.0939993187785
746.0	0.0880719125271
747.0	0.0916109606624
748.0	0.0920827686787
749.0	0.087365321815
750.0	0.0913059562445
751.0	0.0911590158939
752.0	0.0871731489897
753.0	0.0889737606049
754.0	0.090489692986
755.0	0.0862092226744
756.0	0.0884014740586
757.0	0.0880206152797
758.0	0.0829354077578
759.0	0.085794351995
760.0	0.0851828232408
761.0	0.0826008915901
762.0	0.0829658359289
763.0	0.0834859833121
764.0	0.0820651650429
765.0	0.0824843868613
766.0	0.0829672366381
767.0	0.0815116465092
768.0	0.0822678357363
769.0	0.0855012983084
770.0	0.0875962600112
771.0	0.0821229442954
772.0	0.0811614915729
773.0	0.0801931545138
774.0	0.0805567130446
775.0	0.0810803696513
776.0	0.0800733789802
777.0	0.0881732478738
778.0	0.0792124122381
779.0	0.0821295082569
780.0	0.0791472569108
781.0	0.0786697119474
782.0	0.0790728628635
783.0	0.0789002403617
784.0	0.0829326063395
785.0	0.0789013653994
786.0	0.077329620719
787.0	0.0764907673001
788.0	0.0772520750761
789.0	0.077051050961
790.0	0.0767671614885
791.0	0.0771817192435
792.0	0.0808266177773
793.0	0.0769548937678
794.0	0.0809058994055
795.0	0.0763786807656
796.0	0.0846954286098
797.0	0.0767673924565
798.0	0.0789220407605
799.0	0.0813763961196
800.0	0.0761876106262
801.0	0.0747055709362
802.0	0.0749944895506
803.0	0.0815126225352
804.0	0.0744718238711
805.0	0.0733816549182
806.0	0.0757795646787
807.0	0.0739013999701
808.0	0.0792727842927
809.0	0.0734228268266
810.0	0.0731011629105
811.0	0.0726356878877
812.0	0.0723021402955
813.0	0.0722087845206
814.0	0.0741664171219
815.0	0.0719913467765
816.0	0.0721419602633
817.0	0.0725331231952
818.0	0.0713468119502
819.0	0.0713969096541
820.0	0.0702306628227
821.0	0.0704699754715
822.0	0.0699157565832
823.0	0.0697202533484
824.0	0.0699031054974
825.0	0.0736915767193
826.0	0.0697394236922
827.0	0.0708751305938
828.0	0.0697472319007
829.0	0.0681935697794
830.0	0.069404989481
831.0	0.0686106085777
832.0	0.0686371549964
833.0	0.0672181025147
834.0	0.0670376569033
835.0	0.0679998323321
836.0	0.0670022293925
837.0	0.0680577680469
838.0	0.0678742229939
839.0	0.0673834905028
840.0	0.0699413716793
841.0	0.0664157345891
842.0	0.066494859755
843.0	0.065537057817
844.0	0.0665485411882
845.0	0.0660150572658
846.0	0.0653426721692
847.0	0.0652039721608
848.0	0.0653425008059
849.0	0.065462872386
850.0	0.0649655908346
851.0	0.0646681413054
852.0	0.066843777895
853.0	0.0660178214312
854.0	0.0645055696368
855.0	0.0643281564116
856.0	0.0635137930512
857.0	0.0622389614582
858.0	0.0634297057986
859.0	0.0623472332954
860.0	0.061386577785
861.0	0.0611102245748
862.0	0.0617930516601
863.0	0.0616596601903
864.0	0.0606595464051
865.0	0.0629562363029
866.0	0.0601531676948
867.0	0.0604692511261
868.0	0.0601641088724
869.0	0.0602488182485
870.0	0.0593932457268
871.0	0.0641153082252
872.0	0.058753143996
873.0	0.0589319951832
874.0	0.0585434809327
875.0	0.057997006923
876.0	0.0585277192295
877.0	0.0580124370754
878.0	0.0581430345774
879.0	0.0585540011525
880.0	0.0572554394603
881.0	0.0582056418061
882.0	0.0570935420692
883.0	0.0570804774761
884.0	0.0573449544609
885.0	0.0564726218581
886.0	0.0560495369136
887.0	0.0621602386236
888.0	0.0564138665795
889.0	0.0550371073186
890.0	0.0559287555516
891.0	0.0549078658223
892.0	0.0544707104564
893.0	0.0543088391423
894.0	0.0539851039648
895.0	0.0537791326642
896.0	0.0538776032627
897.0	0.0526139587164
898.0	0.0524540543556
899.0	0.0532770566642
900.0	0.0520920604467
901.0	0.0522072762251
902.0	0.0513804741204
903.0	0.051235627383
904.0	0.0511991456151
905.0	0.0512318611145
906.0	0.0521313734353
907.0	0.0509596467018
908.0	0.0507539398968
909.0	0.0574876405299
910.0	0.0504124760628
911.0	0.0499306283891
912.0	0.0498628914356
913.0	0.0487058795989
914.0	0.0504475608468
915.0	0.0490734614432
916.0	0.048664227128
917.0	0.0484138615429
918.0	0.0481017976999
919.0	0.0476962774992
920.0	0.0477267801762
921.0	0.0477613918483
922.0	0.0547977276146
923.0	0.0472034402192
924.0	0.0467474572361
925.0	0.05181235075
926.0	0.0465216748416
927.0	0.0469823554158
928.0	0.0460431948304
929.0	0.0462735816836
930.0	0.0455774664879
931.0	0.0456998348236
932.0	0.0453694835305
933.0	0.0451363474131
934.0	0.0445800423622
935.0	0.0440327227116
936.0	0.0441807582974
937.0	0.0436098799109
938.0	0.0438626632094
939.0	0.0431663952768
940.0	0.0439959093928
941.0	0.0440518222749
942.0	0.043249450624
943.0	0.0422935262322
944.0	0.0439325124025
945.0	0.0415931381285
946.0	0.0433435104787
947.0	0.0421019345522
948.0	0.0472187995911
949.0	0.0422752015293
950.0	0.0411439910531
951.0	0.042364615947
952.0	0.0406115576625
953.0	0.0412494204938
954.0	0.0410927273333
955.0	0.0421972498298
956.0	0.0413742922246
957.0	0.0396836213768
958.0	0.0394925251603
959.0	0.0399473793805
960.0	0.0394631586969
961.0	0.0396220125258
962.0	0.0385874286294
963.0	0.0392018854618
964.0	0.0385133698583
965.0	0.0381158255041
966.0	0.0399663075805
967.0	0.0392129197717
968.0	0.0378868691623
969.0	0.0398852229118
970.0	0.0379385948181
971.0	0.0380435362458
972.0	0.0389002785087
973.0	0.0390612110496
974.0	0.0391160808504
975.0	0.0371618792415
976.0	0.0399066023529
977.0	0.0395959950984
978.0	0.0369261428714
979.0	0.0368789061904
980.0	0.0367525182664
981.0	0.0371134616435
982.0	0.0376591309905
983.0	0.0362337194383
984.0	0.0367984175682
985.0	0.0360805913806
986.0	0.0364036560059
987.0	0.0359403342009
988.0	0.0352166630328
989.0	0.0360082834959
990.0	0.0360326096416
991.0	0.0352560542524
992.0	0.0357015803456
993.0	0.035733204335
994.0	0.0354342758656
995.0	0.0361818037927
996.0	0.0353343263268
997.0	0.0375663004816
998.0	0.0368326082826
999.0	0.0355640053749
1000.0	0.036408148706
1001.0	0.0357521288097
1002.0	0.0365486219525
1003.0	0.0368171297014
1004.0	0.0358241125941
1005.0	0.0356440544128
1006.0	0.0377746336162
1007.0	0.0388762168586
1008.0	0.0369387045503
1009.0	0.0372551418841
1010.0	0.0409632213414
1011.0	0.0376642383635
1012.0	0.0394024513662
1013.0	0.0379815511405
1014.0	0.0406790338457
1015.0	0.037387739867
1016.0	0.0376884117723
1017.0	0.038539275527
1018.0	0.039368763566
1019.0	0.0398445315659
1020.0	0.0391579829156
1021.0	0.0392576418817
1022.0	0.0387814156711
1023.0	0.0391444005072
1024.0	0.0394141301513
1025.0	0.0398886427283
1026.0	0.0394321642816
1027.0	0.0401394739747
1028.0	0.0395889915526
1029.0	0.0395159497857
1030.0	0.0390778593719
1031.0	0.0394182875752
1032.0	0.0378321371973
1033.0	0.0388581864536
1034.0	0.0369215793908
1035.0	0.0379617288709
1036.0	0.0385419204831
1037.0	0.0384132936597
1038.0	0.0386065356433
1039.0	0.0399177446961
1040.0	0.0390585064888
1041.0	0.0398108847439
1042.0	0.0339957848191
1043.0	0.0347593277693
1044.0	0.0314495712519
1045.0	0.037476092577
1046.0	0.0384808890522
1047.0	0.0359266847372
1048.0	0.039053671062
1049.0	0.0398124568164
1050.0	0.0391363352537
1051.0	0.0382294245064
1052.0	0.0407733134925
1053.0	0.0384175553918
1054.0	0.0390475131571
1055.0	0.0387857630849
1056.0	0.0393940359354
1057.0	0.0394374169409
1058.0	0.0360576510429
1059.0	0.037867680192
1060.0	0.0400833711028
1061.0	0.0368356108665
1062.0	0.0355498865247
1063.0	0.0346925929189
1064.0	0.0328592546284
1065.0	0.0331331081688
1066.0	0.0440555475652
1067.0	0.0308637972921
1068.0	0.0305824708194
1069.0	0.031691417098
1070.0	0.0303166154772
1071.0	0.0292110424489
1072.0	0.0303272083402
1073.0	0.0309375692159
1074.0	0.0323877856135
1075.0	0.0298337098211
1076.0	0.0315637253225
1077.0	0.0300819799304
1078.0	0.0287597812712
1079.0	0.0292511433363
1080.0	0.0288690663874
1081.0	0.0320508778095
1082.0	0.0295887440443
1083.0	0.0295150056481
1084.0	0.0288251787424
1085.0	0.0288234669715
1086.0	0.028121702373
1087.0	0.0287351142615
1088.0	0.0287962369621
1089.0	0.0293119698763
1090.0	0.0285241771489
1091.0	0.0356384404004
1092.0	0.028438873589
1093.0	0.028538595885
1094.0	0.0282876864076
1095.0	0.0277733560652
1096.0	0.0277412887663
1097.0	0.0279960669577
1098.0	0.0283511783928
1099.0	0.0280372854322
1100.0	0.0281659755856
1101.0	0.0294576697052
1102.0	0.0276229251176
1103.0	0.0276447050273
1104.0	0.0275554470718
1105.0	0.0284606330097
1106.0	0.0287142060697
1107.0	0.0292141139507
1108.0	0.0277402605861
1109.0	0.0270927418023
1110.0	0.0267892219126
1111.0	0.0310688335449
1112.0	0.0281778350472
1113.0	0.0273064877838
1114.0	0.0263768266886
1115.0	0.027164304629
1116.0	0.0270441416651
1117.0	0.0273712743074
1118.0	0.0269180294126
1119.0	0.0276621393859
1120.0	0.0269211530685
1121.0	0.0369275286794
1122.0	0.0269901696593
1123.0	0.0268812663853
1124.0	0.0257282163948
1125.0	0.0265602376312
1126.0	0.0263516120613
1127.0	0.0266553796828
1128.0	0.0260859075934
1129.0	0.0262349285185
1130.0	0.0258565023541
1131.0	0.0257036089897
1132.0	0.0260129161179
1133.0	0.0263646133244
1134.0	0.0271633304656
1135.0	0.0301543753594
1136.0	0.0319400802255
1137.0	0.0309243481606
1138.0	0.0266948230565
1139.0	0.0258539896458
1140.0	0.0252770222723
1141.0	0.0258530303836
1142.0	0.0260180309415
1143.0	0.0260272491723
1144.0	0.0256160330027
1145.0	0.0249973163009
1146.0	0.0261005479842
1147.0	0.026228023693
1148.0	0.025702174753
1149.0	0.0291045885533
1150.0	0.0263984464109
1151.0	0.0271263103932
1152.0	0.0283021219075
1153.0	0.0261883884668
1154.0	0.0255739986897
1155.0	0.0256537608802
1156.0	0.0257356278598
1157.0	0.0252803936601
1158.0	0.0266077201813
1159.0	0.0254174284637
1160.0	0.0250372923911
1161.0	0.0256052874029
1162.0	0.024954829365
1163.0	0.0250138863921
1164.0	0.0255285538733
1165.0	0.0348910987377
1166.0	0.0284359157085
1167.0	0.0252328999341
1168.0	0.024541484192
1169.0	0.0245785173029
1170.0	0.0251439660788
1171.0	0.0252077504992
1172.0	0.024830352515
1173.0	0.0264519676566
1174.0	0.0335877351463
1175.0	0.0290771070868
1176.0	0.0254793372005
1177.0	0.0243223756552
1178.0	0.0249820649624
1179.0	0.0247618556023
1180.0	0.0252065826207
1181.0	0.0244201589376
1182.0	0.0237509347498
1183.0	0.0241526663303
1184.0	0.0249165911227
1185.0	0.0247637871653
1186.0	0.0267725791782
1187.0	0.0349090509117
1188.0	0.0255459658802
1189.0	0.0247434992343
1190.0	0.0235290620476
1191.0	0.025009367615
1192.0	0.0240397118032
1193.0	0.0240952074528
1194.0	0.023434875533
1195.0	0.0232352744788
1196.0	0.0241469610482
1197.0	0.0248179398477
1198.0	0.0338330157101
1199.0	0.0245892927051
1200.0	0.02308951132
1201.0	0.0230781864375
1202.0	0.0231552477926
1203.0	0.0233977604657
1204.0	0.0225982349366
1205.0	0.0230155158788
1206.0	0.0257093198597
1207.0	0.022453699261
1208.0	0.0226753987372
1209.0	0.0226252805442
1210.0	0.0243744254112
1211.0	0.0315436795354
1212.0	0.0336122326553
1213.0	0.0246960725635
1214.0	0.0224451944232
1215.0	0.0236879494041
1216.0	0.0247955564409
1217.0	0.0225343350321
1218.0	0.0283154379576
1219.0	0.0250237006694
1220.0	0.0238296948373
1221.0	0.0262718982995
1222.0	0.0225508343428
1223.0	0.0231898277998
1224.0	0.0245587509125
1225.0	0.0323999337852
1226.0	0.0274041183293
1227.0	0.0225168187171
1228.0	0.0218518897891
1229.0	0.0238404851407
1230.0	0.0244981851429
1231.0	0.0219922903925
1232.0	0.0215013939887
1233.0	0.0211728867143
1234.0	0.0211923252791
1235.0	0.0214439127594
1236.0	0.025999000296
1237.0	0.0268241912127
1238.0	0.0233476795256
1239.0	0.0257092416286
1240.0	0.023864062503
1241.0	0.0240305718035
1242.0	0.0238625127822
1243.0	0.0254972316325
1244.0	0.0313400439918
1245.0	0.0264878813177
1246.0	0.0234037991613
1247.0	0.0219617206603
1248.0	0.0228142198175
1249.0	0.0228481199592
1250.0	0.0231023393571
1251.0	0.0231711436063
1252.0	0.0238370615989
1253.0	0.0242625493556
1254.0	0.0241778902709
1255.0	0.0246234051883
1256.0	0.0226684827358
1257.0	0.0242032501847
1258.0	0.0250111017376
1259.0	0.0268386173993
1260.0	0.0299340691417
1261.0	0.0279725156724
1262.0	0.0268338378519
1263.0	0.0255760457367
1264.0	0.0264193695039
1265.0	0.0265512987971
1266.0	0.0280722416937
1267.0	0.024780344218
1268.0	0.0285771861672
1269.0	0.0276818759739
1270.0	0.0292730294168
1271.0	0.0274244584143
1272.0	0.0289886258543
1273.0	0.0256063640118
1274.0	0.0238554459065
1275.0	0.0265564732254
1276.0	0.0238266736269
1277.0	0.0249609053135
1278.0	0.0246462784708
1279.0	0.0233145151287
1280.0	0.0274407602847
1281.0	0.025395937264
1282.0	0.0233118608594
1283.0	0.0267791599035
1284.0	0.0263948589563
1285.0	0.0222408380359
1286.0	0.0263307318091
1287.0	0.0270745046437
1288.0	0.0271566603333
1289.0	0.0252908393741
1290.0	0.024991709739
1291.0	0.022258842364
1292.0	0.0236519388855
1293.0	0.0252066906542
1294.0	0.0240660272539
1295.0	0.0241038668901
1296.0	0.0251600928605
1297.0	0.0256321188062
1298.0	0.0235381033272
1299.0	0.0223210118711
1300.0	0.0246574860066
1301.0	0.0243914257735
1302.0	0.0248975642025
1303.0	0.0255508627743
1304.0	0.0257833693177
1305.0	0.0252646859735
1306.0	0.0253775510937
1307.0	0.0230144988745
1308.0	0.0260115154088
1309.0	0.0233425684273
1310.0	0.0229234453291
1311.0	0.0238682236522
1312.0	0.0255199018866
1313.0	0.0247311349958
1314.0	0.0252408627421
1315.0	0.0246711596847
1316.0	0.024477025494
1317.0	0.0261633358896
1318.0	0.024283375591
1319.0	0.0251242592931
1320.0	0.0249182954431
1321.0	0.0242551714182
1322.0	0.0238321311772
1323.0	0.0240195915103
1324.0	0.0222672875971
1325.0	0.0210814233869
1326.0	0.0226752981544
1327.0	0.024105258286
1328.0	0.0222744308412
1329.0	0.022471755743
1330.0	0.022991379723
1331.0	0.0202817991376
1332.0	0.0230075959116
1333.0	0.0219445079565
1334.0	0.0217919107527
1335.0	0.0224747955799
1336.0	0.0239727906883
1337.0	0.0234464947134
1338.0	0.0241813138127
1339.0	0.0241210572422
1340.0	0.0245524533093
1341.0	0.0234529580921
1342.0	0.0230677109212
1343.0	0.0225105863065
1344.0	0.0225240606815
1345.0	0.0203959401697
1346.0	0.0219020266086
1347.0	0.0217239744961
1348.0	0.0215780306607
1349.0	0.0226760450751
1350.0	0.0220385491848
1351.0	0.0218532960862
1352.0	0.0205914061517
1353.0	0.0218830220401
1354.0	0.0217176862061
1355.0	0.0222180821002
1356.0	0.0217690356076
1357.0	0.0209213662893
1358.0	0.0228793565184
1359.0	0.0222552716732
1360.0	0.0219142697752
1361.0	0.0220889896154
1362.0	0.0217727590352
1363.0	0.0225628353655
1364.0	0.0215321276337
1365.0	0.0208865385503
1366.0	0.0213112346828
1367.0	0.021328214556
1368.0	0.0220970455557
1369.0	0.0216968525201
1370.0	0.0209637153894
1371.0	0.0201389752328
1372.0	0.021986015141
1373.0	0.02130760625
1374.0	0.0224585160613
1375.0	0.0226824581623
1376.0	0.020354507491
1377.0	0.0205376539379
1378.0	0.0213250517845
1379.0	0.0203761253506
1380.0	0.0202877037227
1381.0	0.0203978344798
1382.0	0.0202881563455
1383.0	0.0205310285091
1384.0	0.0201855860651
1385.0	0.0204487573355
1386.0	0.0205090455711
1387.0	0.0203293077648
1388.0	0.0209306851029
1389.0	0.0201302133501
1390.0	0.0185141470283
1391.0	0.019850878045
1392.0	0.0197593029588
1393.0	0.0199824627489
1394.0	0.0207537766546
1395.0	0.0212486237288
1396.0	0.0195494368672
1397.0	0.0189481154084
1398.0	0.0188627298921
1399.0	0.023009788245
1400.0	0.0197861474007
1401.0	0.0201347265393
1402.0	0.0198140703142
1403.0	0.0192615278065
1404.0	0.0190139953047
1405.0	0.0217927936465
1406.0	0.0192748457193
1407.0	0.0193028226495
1408.0	0.0188167020679
1409.0	0.0185931622982
1410.0	0.0184076838195
1411.0	0.0188492164016
1412.0	0.0176472384483
1413.0	0.0183851197362
1414.0	0.0186776481569
1415.0	0.018813777715
1416.0	0.0186996441334
1417.0	0.0180760771036
1418.0	0.0187092237175
1419.0	0.0189710278064
1420.0	0.0183869637549
1421.0	0.0182697027922
1422.0	0.0181960947812
1423.0	0.0182759612799
1424.0	0.0172085445374
1425.0	0.0177073776722
1426.0	0.0179439783096
1427.0	0.0176337920129
1428.0	0.0173927042633
1429.0	0.0176167115569
1430.0	0.0181519482285
1431.0	0.0176704321057
1432.0	0.0173591785133
1433.0	0.0176769141108
1434.0	0.0172218382359
1435.0	0.0181170273572
1436.0	0.0193421784788
1437.0	0.0172673780471
1438.0	0.0159976296127
1439.0	0.0164479073137
1440.0	0.0176363289356
1441.0	0.017766457051
1442.0	0.0167216155678
1443.0	0.0170326773077
1444.0	0.0170625876635
1445.0	0.017591862008
1446.0	0.0173571445048
1447.0	0.0171772837639
1448.0	0.0183954779059
1449.0	0.016355175525
1450.0	0.0159596931189
1451.0	0.0168826077133
1452.0	0.0168216731399
1453.0	0.0165929086506
1454.0	0.0166548807174
1455.0	0.0172670446336
1456.0	0.0160142574459
1457.0	0.019542766735
1458.0	0.0171143524349
1459.0	0.0171889420599
1460.0	0.0161083191633
1461.0	0.0160416234285
1462.0	0.0158653836697
1463.0	0.0160045735538
1464.0	0.0153371337801
1465.0	0.0142428381369
1466.0	0.0153541807085
1467.0	0.0164681449533
1468.0	0.0148126613349
1469.0	0.0158386901021
1470.0	0.0160809699446
1471.0	0.0161578152329
1472.0	0.0201614741236
1473.0	0.0149183990434
1474.0	0.0162896960974
1475.0	0.0155514646322
1476.0	0.0178039371967
1477.0	0.0160552933812
1478.0	0.0154962586239
1479.0	0.0156786106527
1480.0	0.0152505086735
1481.0	0.0159411020577
1482.0	0.0147432526574
1483.0	0.0143497232348
1484.0	0.0146612208337
1485.0	0.0146795008332
1486.0	0.0140865119174
1487.0	0.0158235915005
1488.0	0.0149916056544
1489.0	0.0127111459151
1490.0	0.0153624070808
1491.0	0.0162252560258
1492.0	0.0147429816425
1493.0	0.0142751280218
1494.0	0.0151018146425
1495.0	0.0136894993484
1496.0	0.0118661979213
1497.0	0.0133881028742
1498.0	0.0141526935622
1499.0	0.0142980944365
1500.0	0.0143228843808
1501.0	0.0143469963223
1502.0	0.014509094879
1503.0	0.0143787208945
1504.0	0.0145238647237
1505.0	0.0122003611177
1506.0	0.0181456189603
1507.0	0.048359952867
1508.0	0.0143180945888
1509.0	0.0154017452151
1510.0	0.0133530776948
1511.0	0.0138445012271
1512.0	0.0151933692396
1513.0	0.0143715050071
1514.0	0.0139639796689
1515.0	0.0154438242316
1516.0	0.013422049582
1517.0	0.0140979085118
1518.0	0.0135970441625
1519.0	0.0135207138956
1520.0	0.0101586161181
1521.0	0.00255992566235
1522.0	0.0139396199957
1523.0	0.0134999705479
1524.0	0.0134322997183
1525.0	0.0129923764616
1526.0	0.0143560422584
1527.0	0.0123651307076
1528.0	0.0126595301554
1529.0	0.0123035637662
1530.0	0.0130556160584
1531.0	0.0121406335384
1532.0	0.0128240194172
1533.0	0.0111033720896
1534.0	0.0145184798166
1535.0	0.0128300832585
1536.0	0.012013620697
1537.0	0.0127387847751
1538.0	0.0132132973522
1539.0	-0.00486776791513
1540.0	0.0180152468383
1541.0	0.0115643609315
1542.0	0.029694814235
1543.0	0.0135429529473
1544.0	0.0119833266363
1545.0	0.0154220210388
1546.0	0.0122971301898
1547.0	0.0111737474799
1548.0	0.0124653903767
1549.0	0.01194150839
1550.0	0.0130989514291
1551.0	0.0120939426124
1552.0	0.0120934471488
1553.0	0.0110349655151
1554.0	0.0118110151961
1555.0	0.0113970916718
1556.0	0.0123255010694
1557.0	0.0135349184275
1558.0	0.00106740533374
1559.0	0.0159199051559
1560.0	-0.0457287169993
1561.0	0.0113942995667
1562.0	0.0114443739876
1563.0	0.0106772268191
1564.0	0.0117125995457
1565.0	0.0109383342788
1566.0	0.0111045548692
1567.0	0.0103578791022
1568.0	0.0108882980421
1569.0	0.0124218687415
1570.0	0.0111995087937
1571.0	0.0109406560659
1572.0	0.0102387936786
1573.0	0.0108121903613
1574.0	0.0110063180327
1575.0	0.0110357385129
1576.0	-0.000682281621266
1577.0	0.0119412392378
1578.0	0.0104230521247
1579.0	0.0111374529079
1580.0	0.0103662796319
1581.0	0.0104700261727
1582.0	0.00989478547126
1583.0	0.0101096956059
1584.0	0.0101625090465
1585.0	0.0105674229562
1586.0	0.00990088749677
1587.0	0.00983496569097
1588.0	0.010575639084
1589.0	0.00992154050618
1590.0	0.0101700266823
1591.0	0.0102512119338
1592.0	0.0100973350927
1593.0	0.00984140578657
1594.0	0.0104228453711
1595.0	0.0105052180588
1596.0	0.0102206077427
1597.0	0.0102670453489
1598.0	0.0103572830558
1599.0	0.0103609859943
1600.0	0.0110805891454
1601.0	0.0102544771507
1602.0	0.00918826088309
1603.0	0.00930847227573
1604.0	0.00949822086841
1605.0	0.00993162952363
1606.0	0.0105742597952
1607.0	0.0102057363838
1608.0	0.00923951063305
1609.0	0.010079042986
1610.0	0.00897986255586
1611.0	0.0103926993906
1612.0	0.00963920447975
1613.0	0.00996516924351
1614.0	0.0106238201261
1615.0	0.00906216073781
1616.0	0.0102398991585
1617.0	0.00880188681185
1618.0	0.0104739340022
1619.0	0.0103015657514
1620.0	0.0101269744337
1621.0	0.00988853443414
1622.0	0.0103254802525
1623.0	0.00914277601987
1624.0	0.0085892342031
1625.0	0.00985769834369
1626.0	0.0092247966677
1627.0	0.00880964659154
1628.0	0.0100753605366
1629.0	0.0101535888389
1630.0	0.00868911761791
1631.0	0.00883965101093
1632.0	0.00974750332534
1633.0	0.00878066383302
1634.0	0.00963681843132
1635.0	0.00835154671222
1636.0	0.00753874145448
1637.0	0.00626242998987
1638.0	0.00873175729066
1639.0	0.00980394147336
1640.0	0.00860428623855
1641.0	0.00899204332381
1642.0	0.00803106836975
1643.0	0.00760393356904
1644.0	0.00794956553727
1645.0	0.00910266954452
1646.0	0.0133535983041
1647.0	0.00782750174403
1648.0	0.00811946485192
1649.0	0.00999824050814
1650.0	0.00876128021628
1651.0	0.00845455378294
1652.0	0.00800901278853
1653.0	0.0355331115425
1654.0	0.00313530466519
1655.0	0.00822947639972
1656.0	0.0085804220289
1657.0	0.00895852223039
1658.0	0.0079542575404
1659.0	0.00734344962984
1660.0	0.00876309443265
1661.0	0.00698613887653
1662.0	0.00770751666278
1663.0	0.00908027775586
1664.0	0.00746476277709
1665.0	0.00857031717896
1666.0	0.00841235183179
1667.0	0.00815359409899
1668.0	0.00816758163273
1669.0	0.00193519878667
1670.0	0.0087747881189
1671.0	0.00716940965503
1672.0	0.00771116930991
1673.0	0.00809616968036
1674.0	0.00659074960276
1675.0	0.00068259605905
1676.0	0.00945360958576
1677.0	0.0080734686926
1678.0	0.00759847881272
1679.0	0.00833551120013
1680.0	0.00699312612414
1681.0	0.00804604031146
1682.0	0.00852590799332
1683.0	0.00303929043002
1684.0	0.00978202559054
1685.0	0.0146865630522
1686.0	0.00850901845843
1687.0	0.00794851686805
1688.0	0.00943329371512
1689.0	0.0083365291357
1690.0	0.00662652123719
1691.0	0.00759036513045
1692.0	0.00755067449063
1693.0	0.00708925351501
1694.0	0.00742887426168
1695.0	0.00703683914617
1696.0	0.00070164288627
1697.0	0.00818196032196
1698.0	0.0072460337542
1699.0	0.00718617578968
1700.0	-0.0440161004663
1701.0	0.0109344301745
1702.0	0.0068034697324
1703.0	0.00686134863645
1704.0	0.00682033924386
1705.0	0.00772979389876
1706.0	0.0072934506461
1707.0	0.0079681314528
1708.0	0.00762025685981
1709.0	0.00740068778396
1710.0	0.00658431230113
1711.0	0.00637090951204
1712.0	0.00689945323393
1713.0	0.00782160181552
1714.0	0.00661381520331
1715.0	-0.000437315466115
1716.0	0.00726195191965
1717.0	0.00561582529917
1718.0	0.00797240436077
1719.0	0.00762319657952
1720.0	0.00671042595059
1721.0	0.00643653748557
1722.0	0.00668079638854
1723.0	0.00588889233768
1724.0	0.00636627804488
1725.0	0.00730228610337
1726.0	0.0067257466726
1727.0	0.00656501902267
1728.0	0.00665968749672
1729.0	0.00500033609569
1730.0	0.00834151078016
1731.0	0.00712792761624
1732.0	0.00700279977173
1733.0	0.00863271765411
1734.0	0.00689288368449
1735.0	0.0073453146033
1736.0	0.0071569387801
1737.0	0.00652494654059
1738.0	0.00589989032596
1739.0	0.00676677701995
1740.0	0.00500527862459
1741.0	0.00613640528172
1742.0	0.00726596359164
1743.0	0.00447592278942
1744.0	0.00594484666362
1745.0	0.00697480048984
1746.0	0.00508580403402
1747.0	0.00515685183927
1748.0	0.00733466865495
1749.0	0.00492249010131
1750.0	0.00594160379842
1751.0	0.00547739770263
1752.0	0.0060492279008
1753.0	0.00637463154271
1754.0	0.00587605591863
1755.0	0.0057882447727
1756.0	0.00569569086656
1757.0	0.00411299616098
1758.0	0.00662565417588
1759.0	0.00528761744499
1760.0	0.00669980514795
1761.0	0.00562577648088
1762.0	0.0075606526807
1763.0	0.00597206596285
1764.0	0.00500048371032
1765.0	0.00584517698735
1766.0	0.00486093061045
1767.0	0.00509672099724
1768.0	0.00811269041151
1769.0	0.00595758622512
1770.0	0.0055422722362
1771.0	0.00534606073052
1772.0	0.00574596691877
1773.0	0.00510796159506
1774.0	0.00589251285419
1775.0	0.00495965778828
1776.0	0.00569316092879
1777.0	0.00517409620807
1778.0	0.00535958725959
1779.0	0.00559181766585
1780.0	0.00515618734062
1781.0	0.00652732653543
1782.0	0.00625847745687
1783.0	0.00579243898392
1784.0	0.00479319179431
1785.0	0.00552757410333
1786.0	0.00554672535509
1787.0	0.00512700155377
1788.0	0.0043147127144
1789.0	0.00563015369698
1790.0	0.0058901743032
1791.0	0.0060017593205
1792.0	0.00527434097603
1793.0	0.00530000077561
1794.0	0.00540954386815
1795.0	0.00539850769565
1796.0	0.00555309280753
1797.0	0.00581499561667
1798.0	0.0042942147702
1799.0	0.0048557263799
1800.0	0.00419451761991
1801.0	0.00551039120182
1802.0	0.00437216507271
1803.0	0.00475286692381
1804.0	0.00494862673804
1805.0	0.00448431260884
1806.0	0.00463250698522
1807.0	0.00495174946263
1808.0	0.00584246311337
1809.0	0.00442073354498
1810.0	0.00502805924043
1811.0	0.0039140637964
1812.0	0.00463842274621
1813.0	0.00502022262663
1814.0	0.00342845194973
1815.0	0.00401141867042
1816.0	0.00547200068831
1817.0	0.00531856529415
1818.0	0.00498786615208
1819.0	0.00333390221931
1820.0	0.00456078816205
1821.0	0.00439394451678
1822.0	0.00511114345863
1823.0	0.0040003801696
1824.0	0.00367061165161
1825.0	0.00628887908533
1826.0	0.00498860096559
1827.0	0.00467473454773
1828.0	0.00453380215913
1829.0	0.00670966180041
1830.0	0.00271485233679
1831.0	0.00562609685585
1832.0	0.00515596661717
1833.0	0.00258533493616
1834.0	0.00495780678466
1835.0	0.00525914039463
1836.0	0.00505716120824
1837.0	0.00590188894421
1838.0	0.00444612884894
1839.0	0.0044567771256
1840.0	0.0049664019607
1841.0	0.00419163517654
1842.0	0.00490810442716
1843.0	0.0051108552143
1844.0	0.0012873839587
1845.0	0.00340560032055
1846.0	0.00314032565802
1847.0	0.00370898772962
1848.0	0.00401238445193
1849.0	0.00386051484384
1850.0	0.0038603770081
1851.0	0.00471654580906
1852.0	0.00328248366714
1853.0	0.00389795936644
1854.0	0.00353499501944
1855.0	0.00425121374428
1856.0	0.00330921588466
1857.0	0.00346802966669
1858.0	0.0030911443755
1859.0	0.00404230225831
1860.0	0.00497954664752
1861.0	0.00348948757164
1862.0	0.00460440991446
1863.0	0.00400557322428
1864.0	0.00360661302693
1865.0	0.00388086121529
1866.0	0.00463023036718
1867.0	0.0046392059885
1868.0	0.00469315424562
1869.0	0.00260500377044
1870.0	0.00445974105969
1871.0	0.00343465502374
1872.0	0.00274831545539
1873.0	0.00315300701186
1874.0	0.00291217165068
1875.0	0.00304860412143
1876.0	0.00509414868429
1877.0	0.00283959438093
1878.0	0.0031320292037
1879.0	0.00317839393392
1880.0	0.00378891220316
1881.0	0.00451750867069
1882.0	0.00408258009702
1883.0	0.00386088201776
1884.0	0.00444038631395
1885.0	0.00333591480739
1886.0	0.00382814602926
1887.0	0.00353533844464
1888.0	0.00301431794651
1889.0	0.00236460543238
1890.0	0.00295275496319
1891.0	0.0031329873018
1892.0	0.00327529432252
1893.0	0.0044326572679
1894.0	0.00351287936792
1895.0	0.00212292862125
1896.0	0.00294246687554
1897.0	0.00271912477911
1898.0	0.00201853807084
1899.0	0.00322817661799
1900.0	0.0036743611563
1901.0	0.00310780596919
1902.0	0.00447602523491
1903.0	0.00251797540113
1904.0	0.00219807797112
1905.0	0.00265922909603
1906.0	0.00174770737067
1907.0	0.0029607876204
1908.0	0.00357708474621
1909.0	0.00412167096511
1910.0	0.00153076520655
1911.0	0.00302965193987
1912.0	0.00428531691432
1913.0	0.0022801514715
1914.0	0.00221482268535
1915.0	0.00295303366147
1916.0	0.00205786945298
1917.0	0.0033968812786
1918.0	0.00165838235989
1919.0	0.00348728732206
1920.0	0.00405872706324
1921.0	0.00253429054283
1922.0	0.00278841773979
1923.0	0.00301123131067
1924.0	0.00150633545127
1925.0	0.00256080320105
1926.0	0.00276820384897
1927.0	0.00266407709569
1928.0	0.00271692685783
1929.0	0.00325506483205
1930.0	0.00215519173071
1931.0	0.00243402738124
1932.0	0.0023450627923
1933.0	0.00309249409474
1934.0	0.00196068640798
1935.0	0.00276649836451
1936.0	0.00348395016044
1937.0	0.00268690148368
1938.0	0.00283170165494
1939.0	0.00483307382092
1940.0	0.00245972722769
1941.0	0.00446005817503
1942.0	0.00158403243404
1943.0	0.0029658365529
1944.0	0.00248061679304
1945.0	0.00298331375234
1946.0	0.00227449927479
1947.0	0.00276509532705
1948.0	0.0031785145402
1949.0	0.00422682799399
1950.0	0.00273835472763
1951.0	0.00313899107277
1952.0	0.00250248005614
1953.0	0.000906827510335
1954.0	0.00372696877457
1955.0	0.00267813843675
1956.0	0.00318089593202
1957.0	0.0028681026306
1958.0	0.00263907015324
1959.0	0.00375634757802
1960.0	0.00258797593415
1961.0	0.00272837141529
1962.0	0.00246381456964
1963.0	0.000636337208562
1964.0	0.0027179827448
1965.0	0.00174071558286
1966.0	0.00322530907579
1967.0	0.00204165861942
1968.0	0.00312924128957
1969.0	0.00305658229627
1970.0	0.00232665985823
1971.0	0.000576812541112
1972.0	0.00208172225393
1973.0	0.00293773948215
1974.0	0.00247486145236
1975.0	0.000218831453822
1976.0	0.00228365999646
1977.0	0.000562237051781
1978.0	0.0031977519393
1979.0	0.00253888778389
1980.0	0.00337866204791
1981.0	0.00151736149564
1982.0	0.00184720056131
1983.0	0.00184510683175
1984.0	0.00137435703073
1985.0	0.00136294111144
1986.0	0.000833147088997
1987.0	0.00280454056337
1988.0	0.00279034790583
1989.0	0.00205483078025
1990.0	0.00252586137503
1991.0	0.0026515617501
1992.0	0.0028057389427
1993.0	0.0019386849599
1994.0	0.00199855375104
1995.0	0.00113711389713
1996.0	0.00225066021085
1997.0	0.00150847237092
1998.0	0.0013943676604
1999.0	0.00353713636287
